162	110
157	330
247	280
7	153
432	330
386	440
152	461
437	119
264	55
171	439
380	412
315	331
317	85
75	118
448	469
403	102
139	492
438	340
92	127
449	338
317	456
58	5
172	245
10	289
116	7
237	267
324	391
143	410
85	375
450	36
13	268
469	444
29	23
433	457
124	209
414	305
6	151
159	247
384	326
496	137
124	5
439	200
105	42
137	19
455	477
478	479
159	261
434	173
36	405
296	428
95	348
354	450
103	100
426	329
347	272
170	346
434	133
123	87
62	470
104	405
314	470
369	226
312	169
26	31
306	273
329	93
406	454
458	173
50	304
423	490
302	314
361	359
128	128
63	119
306	349
382	185
284	385
489	112
394	436
368	98
17	247
494	154
224	9
240	397
243	23
41	103
425	62
458	208
94	341
433	214
381	188
106	432
141	150
76	31
479	50
62	289
497	433
48	381
378	10
66	48
498	215
259	383
411	439
193	269
194	19
294	377
43	72
340	264
423	22
324	493
356	206
68	224
106	131
151	221
117	284
84	435
238	476
164	445
275	27
203	364
317	255
433	441
211	428
308	345
245	173
13	200
494	484
340	148
211	326
121	233
225	386
25	240
200	20
327	153
53	31
50	500
466	182
319	406
166	5
439	38
500	211
38	53
118	181
311	198
150	9
275	47
111	252
286	77
288	183
37	328
398	188
46	93
310	333
422	133
361	37
353	131
293	101
174	312
281	127
128	288
392	212
340	4
142	18
184	170
196	363
459	214
24	347
319	20
166	148
263	473
135	95
381	353
152	394
156	487
92	495
170	298
264	464
80	491
368	175
34	394
441	466
490	367
368	86
275	113
425	222
436	129
344	417
312	422
298	136
384	385
196	124
490	4
290	246
364	258
17	126
329	444
363	480
100	408
369	311
41	159
262	288
49	144
467	366
383	185
325	471
37	436
125	367
204	100
140	476
122	408
262	282
324	422
306	229
82	105
193	445
339	24
118	344
112	10
166	215
79	211
468	392
88	205
432	61
318	390
362	150
1	110
498	150
120	404
7	84
212	108
28	498
233	286
305	353
485	455
267	85
487	305
92	421
101	6
216	327
419	411
351	202
365	185
190	193
155	236
471	203
275	396
499	138
128	437
12	343
102	192
392	297
295	453
174	51
178	290
136	178
216	500
32	479
404	73
128	209
335	414
57	158
119	240
266	273
75	393
443	370
14	248
140	60
304	388
360	30
302	390
258	424
415	212
102	144
442	273
278	398
440	472
248	473
377	265
269	190
463	331
376	196
375	288
173	14
473	448
139	141
69	222
336	111
110	71
29	150
279	380
275	407
122	201
33	132
72	92
171	219
38	46
175	414
424	99
170	151
434	48
104	46
237	224
353	359
413	218
80	70
142	31
330	107
107	67
236	331
224	33
86	379
464	380
2	453
37	137
205	473
386	287
286	148
25	15
242	90
129	203
413	395
354	191
465	445
247	269
163	492
91	315
270	437
330	289
213	342
98	375
141	131
345	325
193	463
426	473
400	33
46	423
286	153
490	100
33	168
338	27
278	216
183	371
126	141
446	53
52	170
125	293
358	448
372	444
352	320
464	126
243	190
172	162
195	396
165	375
480	178
373	27
208	362
67	309
40	367
317	237
417	308
301	73
29	267
421	292
230	282
161	150
242	249
19	201
391	300
41	339
275	477
198	186
51	20
389	387
440	60
143	28
158	148
240	159
391	349
469	89
280	132
442	416
285	156
377	155
135	463
43	380
5	103
320	285
462	48
29	311
213	166
167	254
278	123
210	206
386	487
471	55
2	477
487	227
36	305
189	193
449	84
88	113
229	30
274	89
67	246
251	96
53	445
120	406
392	129
119	57
363	12
326	481
59	369
30	174
125	297
452	209
434	395
438	318
194	113
77	236
230	66
349	204
126	3
17	309
264	181
457	349
297	240
405	85
289	118
15	88
227	160
321	452
377	95
184	260
211	137
296	232
402	478
167	233
81	212
21	472
473	289
220	93
230	308
198	2
60	325
237	107
57	262
222	171
494	348
142	180
312	436
224	350
414	106
321	96
215	118
114	102
272	59
343	9
256	235
262	358
454	378
396	29
482	248
284	271
47	30
350	33
316	391
405	211
362	410
292	267
384	238
14	360
387	369
466	244
58	250
363	374
333	356
318	360
90	243
141	434
15	481
321	11
353	79
244	404
104	32
237	94
456	60
274	408
66	131
329	216
347	317
485	143
369	111
175	42
191	498
134	356
90	106
222	272
466	295
65	152
215	305
113	307
456	182
28	336
242	251
236	244
418	218
116	499
87	51
282	157
171	128
347	253
187	348
355	431
300	174
76	32
468	148
379	432
368	53
208	226
27	393
194	190
204	301
482	162
84	213
213	5
113	6
319	213
435	323
201	177
347	479
213	87
467	291
359	453
483	341
3	488
142	490
258	155
247	427
13	170
284	482
466	183
334	363
237	491
231	185
352	39
353	20
267	180
31	306
453	158
270	233
317	448
315	215
17	247
306	258
107	332
407	293
148	207
293	367
149	261
499	330
237	349
457	10
10	492
18	69
348	445
480	34
399	190
349	266
307	454
296	289
115	479
224	48
320	327
287	350
208	142
273	321
95	19
203	112
276	52
488	446
10	207
443	239
93	277
385	247
44	193
1	353
428	69
200	441
150	374
74	381
300	81
499	348
392	259
160	418
405	405
190	162
274	306
113	39
466	225
141	63
114	253
249	468
402	411
127	198
109	341
320	3
290	67
32	100
8	439
246	266
159	365
93	492
371	71
300	203
13	53
94	240
246	329
55	465
176	93
281	354
151	445
452	211
278	32
116	386
385	499
480	206
454	473
226	248
375	261
211	191
373	208
334	498
53	127
282	439
329	281
426	431
66	223
151	325
202	276
389	421
248	454
124	16
128	446
365	444
500	212
307	33
392	407
33	190
294	446
324	145
117	298
214	385
376	358
81	377
221	140
194	348
365	276
150	375
54	283
406	435
150	108
461	81
125	55
209	404
362	59
54	250
73	485
339	321
72	387
66	379
438	468
204	391
270	297
91	249
412	140
350	42
8	487
182	415
59	215
347	276
201	150
71	60
383	153
219	150
402	362
370	407
31	247
31	255
282	270
69	128
275	372
446	118
42	220
406	158
472	60
100	180
197	232
485	72
131	206
488	29
155	249
24	377
405	434
434	344
122	353
180	341
400	419
116	489
390	378
333	202
230	214
99	392
82	156
484	8
136	228
326	151
141	492
181	360
43	130
338	498
230	156
402	280
438	8
385	252
64	449
214	442
336	242
12	69
469	306
36	20
440	82
235	335
26	96
209	25
225	199
460	77
162	15
357	49
84	228
319	287
302	1
387	49
404	126
14	465
205	86
201	454
190	2
411	42
465	165
401	21
498	458
70	285
277	449
179	30
489	332
171	166
473	421
340	422
98	470
128	177
290	264
493	219
68	296
459	448
212	482
217	359
258	480
143	500
216	376
63	190
125	194
383	471
150	487
339	204
339	349
243	361
310	286
356	141
258	32
299	219
60	202
171	375
117	38
159	178
171	342
454	232
207	186
50	413
385	237
36	447
180	125
349	110
300	237
170	454
107	435
436	436
498	107
179	317
461	171
389	137
108	241
93	495
177	464
204	14
257	6
342	158
245	383
274	376
196	491
438	287
186	69
35	427
36	284
353	79
54	378
396	72
407	49
133	233
317	436
137	489
354	67
301	423
171	485
59	257
206	347
398	157
335	263
173	143
440	359
350	53
22	251
312	62
17	314
91	494
412	260
436	45
452	212
127	14
92	239
238	130
422	5
55	474
297	488
47	368
296	307
409	188
249	42
23	212
112	369
16	154
262	308
441	60
346	433
388	374
447	394
121	499
318	284
70	477
451	47
340	276
368	181
302	359
481	367
456	456
159	443
196	280
13	350
406	314
256	152
368	296
432	274
85	413
71	300
145	62
345	56
43	215
129	421
152	184
469	250
196	245
197	368
25	102
354	261
143	153
120	452
208	84
205	276
227	50
33	329
227	339
410	22
99	337
464	33
54	305
403	388
76	214
177	210
178	179
23	247
76	341
55	378
249	496
405	227
489	159
425	379
152	385
365	159
173	10
132	329
433	124
363	231
155	229
420	127
276	98
195	465
144	235
478	221
315	126
126	12
452	59
395	405
204	211
137	168
448	144
22	444
149	371
73	333
412	81
320	134
104	357
229	419
400	241
61	437
387	261
451	361
150	331
249	370
289	221
153	44
29	292
251	280
317	476
427	280
372	41
3	65
484	226
487	102
486	203
262	452
373	215
321	114
263	62
271	404
377	471
219	317
383	45
361	452
301	424
49	145
160	337
174	132
167	104
247	484
417	279
359	360
350	23
375	57
425	192
190	67
208	213
458	358
309	202
233	98
267	108
465	313
83	55
33	492
50	209
253	60
341	156
17	146
33	240
183	212
429	330
148	393
25	279
120	254
330	412
487	66
374	137
196	227
239	320
480	325
226	81
138	41
495	213
219	5
363	364
276	81
275	438
77	145
371	299
418	405
258	7
223	144
122	24
71	454
119	19
427	106
148	149
430	16
330	207
427	129
436	218
310	159
54	159
475	177
177	451
255	33
105	235
270	20
431	159
332	277
125	488
446	178
36	2
21	247
57	205
10	479
464	59
235	485
243	343
25	272
482	122
351	442
91	398
345	423
371	239
181	283
416	307
139	118
183	19
199	233
144	250
342	394
27	146
108	160
39	356
210	396
386	310
237	384
381	487
497	311
255	319
320	426
128	168
71	450
345	102
462	115
477	407
410	376
393	443
38	189
100	95
303	204
89	21
485	410
139	477
257	209
178	250
66	391
259	310
262	268
135	361
407	316
90	1
83	203
247	78
166	308
215	172
167	88
16	452
298	445
434	427
170	184
298	55
411	178
403	279
419	96
74	248
278	492
88	170
484	295
253	441
267	58
497	492
130	132
437	230
272	161
46	96
441	484
303	16
184	340
285	238
334	345
472	330
373	64
195	329
199	74
312	6
328	495
52	302
383	56
262	270
30	12
378	308
476	291
5	363
461	182
239	192
44	479
321	380
252	117
163	288
183	307
97	168
125	356
293	478
74	346
112	338
328	347
386	267
87	112
335	155
398	180
300	284
81	390
115	454
262	379
295	134
80	254
118	471
248	130
28	356
244	322
331	22
460	379
34	455
74	436
150	347
466	192
46	96
440	496
129	483
83	475
275	351
263	176
40	194
159	428
91	63
31	42
497	28
107	37
161	226
430	350
24	401
231	474
44	254
159	147
419	234
253	270
405	223
24	431
103	22
267	371
40	420
312	140
204	440
414	106
324	179
328	165
461	256
140	436
475	94
442	382
207	317
8	181
464	400
287	358
497	220
125	442
358	122
3	500
108	74
30	215
304	44
94	79
54	409
169	43
168	461
381	277
307	212
463	306
249	475
342	383
368	60
233	323
415	195
29	478
220	32
372	283
451	382
461	32
66	269
269	280
360	295
270	47
435	216
345	192
233	328
145	325
158	77
123	371
252	114
208	218
287	390
121	421
13	235
210	186
407	106
316	426
162	316
209	488
81	150
420	44
45	311
31	358
453	128
348	410
370	118
467	489
215	175
452	134
483	404
323	99
269	40
279	174
207	182
305	66
12	332
288	206
308	44
452	27
493	258
435	63
136	333
106	216
158	215
322	310
68	105
334	323
208	460
266	83
204	328
163	220
379	116
32	55
287	436
25	101
341	150
163	341
436	413
192	339
131	131
106	305
355	183
13	200
442	447
181	221
498	153
45	169
297	55
405	467
116	415
373	410
95	36
438	45
130	428
494	480
195	442
398	172
453	162
465	421
52	260
327	156
313	170
169	487
44	365
70	389
248	52
87	218
345	496
256	441
17	473
191	360
286	172
449	435
323	229
146	14
296	70
371	177
392	305
178	238
318	360
255	41
381	127
396	63
296	168
324	245
352	270
262	24
427	36
361	205
99	39
418	116
457	117
149	422
390	150
200	79
407	260
303	45
477	212
171	1
266	106
217	286
49	102
464	460
144	349
243	178
466	437
185	437
96	33
9	47
400	175
16	318
476	327
293	322
92	31
403	257
137	29
204	345
106	26
103	381
276	429
401	463
97	459
347	46
1	121
427	12
403	482
172	374
37	69
61	80
167	127
135	214
359	337
49	176
56	296
436	128
38	25
407	89
348	192
31	478
7	440
48	204
215	182
470	206
115	202
121	386
426	217
336	266
283	168
440	489
7	364
203	104
284	116
242	375
131	215
231	261
423	110
306	109
100	423
175	410
39	362
195	138
499	266
258	28
392	15
203	165
473	270
474	72
375	108
467	178
432	349
332	467
29	239
306	405
47	439
71	312
242	310
32	73
3	56
459	454
417	438
330	23
8	415
318	481
269	87
442	172
475	258
458	361
272	266
486	368
416	82
200	429
382	357
49	22
403	394
53	377
445	65
108	90
289	196
468	291
332	4
330	469
415	218
268	323
321	183
245	252
270	407
428	416
434	97
425	290
331	285
118	411
459	256
413	215
45	413
48	308
77	498
283	255
474	199
196	241
400	54
99	30
342	156
397	227
276	499
105	230
417	226
291	53
18	174
27	377
26	298
267	161
62	201
301	391
260	303
357	101
376	300
93	294
429	442
161	374
335	34
83	385
93	17
58	458
242	177
64	330
142	482
341	125
312	335
423	441
388	84
94	271
21	371
69	285
360	295
445	174
355	481
32	133
5	87
243	137
305	401
488	171
458	52
400	38
71	475
168	200
426	175
141	175
116	81
389	25
436	183
456	319
338	368
305	410
62	322
339	82
464	337
38	322
416	85
320	487
455	191
381	416
174	431
44	499
421	287
343	93
319	110
450	424
2	366
288	88
231	375
418	50
438	467
7	264
441	182
199	22
188	400
23	82
220	155
495	148
485	477
333	465
318	405
386	161
486	253
286	65
160	236
75	373
379	149
115	208
470	376
59	492
470	343
377	114
375	158
408	306
5	197
314	102
136	312
211	352
455	402
92	20
127	286
337	149
329	298
397	149
80	153
113	498
183	53
313	21
71	55
408	84
123	168
34	490
251	386
163	139
346	180
353	415
84	378
374	292
365	305
66	227
265	386
462	195
19	88
10	127
414	134
270	236
166	422
304	278
132	396
75	447
127	411
381	174
177	371
184	130
315	118
244	46
447	138
160	30
416	18
272	366
466	384
460	451
109	120
292	315
289	275
54	331
397	23
431	14
405	499
402	278
218	453
214	345
431	300
357	324
398	462
213	139
284	496
193	128
467	487
414	445
414	185
364	440
373	56
333	194
440	53
312	257
289	186
15	363
304	176
226	226
360	390
141	131
342	491
81	298
190	264
405	423
407	406
466	57
298	41
492	94
201	231
125	262
61	24
72	403
145	488
451	268
69	288
383	260
434	238
294	362
88	487
167	9
320	160
341	191
450	56
173	141
71	464
27	187
206	419
190	193
464	306
288	203
150	198
22	301
490	62
6	232
187	292
219	97
436	248
261	135
483	480
246	89
94	146
246	76
364	224
83	463
37	417
236	205
462	9
356	224
154	248
237	50
239	358
301	443
87	259
75	320
79	51
318	226
62	302
257	500
377	399
412	399
173	495
209	46
214	350
292	86
404	347
3	119
93	63
147	35
441	429
11	411
94	279
53	93
146	353
131	366
21	110
269	377
9	470
201	407
99	233
357	425
198	206
80	380
279	58
433	250
119	54
446	227
389	72
125	154
447	53
105	150
237	206
31	234
481	397
200	92
316	61
420	464
474	100
242	313
445	248
262	471
461	61
46	175
471	30
7	444
174	137
482	387
470	192
490	332
97	216
43	258
209	124
338	263
459	145
297	379
4	324
370	29
125	241
412	257
67	215
155	348
374	297
198	145
65	256
36	200
414	318
144	40
247	184
92	454
14	90
324	19
219	470
437	434
98	106
22	267
358	56
490	394
177	155
367	302
88	81
188	83
8	52
59	374
175	295
190	477
270	242
352	454
294	223
115	393
117	312
450	220
190	273
387	2
283	65
239	57
366	185
374	314
215	228
76	122
177	195
275	474
78	349
129	51
341	324
485	301
9	154
429	89
379	345
208	318
21	477
24	429
341	361
452	14
110	466
475	8
226	228
434	128
119	205
91	65
367	397
159	487
445	318
450	115
435	187
257	492
469	166
337	492
53	230
406	261
311	37
461	451
92	389
224	230
406	367
85	497
133	486
38	334
385	262
430	98
172	80
244	92
294	256
304	290
238	355
342	42
187	310
473	475
14	225
302	444
208	186
2	464
436	216
42	89
207	319
245	490
194	483
427	441
398	343
284	290
377	422
318	489
165	336
109	135
489	87
269	185
56	77
395	11
166	300
450	26
99	199
479	176
362	55
291	440
58	115
184	237
360	258
132	356
209	418
226	389
376	12
35	368
476	390
296	113
52	222
115	383
169	466
184	274
307	278
415	247
261	55
337	491
403	197
426	294
16	305
326	333
214	171
152	121
335	316
296	298
295	237
211	464
410	13
57	497
239	342
229	5
56	268
241	499
120	33
44	489
81	76
399	159
360	63
382	357
51	235
206	191
493	257
152	366
293	151
39	371
155	58
375	245
372	495
402	54
226	145
175	406
423	352
492	245
139	103
174	171
275	453
363	32
245	406
247	460
301	42
174	285
303	269
161	440
454	292
417	99
176	305
437	309
344	220
388	493
461	121
88	282
99	474
61	247
178	77
381	96
479	19
376	455
245	52
99	186
210	149
280	261
136	452
383	411
354	131
133	84
463	356
478	106
350	483
188	122
175	334
242	38
283	458
209	345
6	392
111	9
148	269
98	23
51	83
442	441
137	208
285	254
280	271
94	155
151	239
402	499
401	110
177	93
329	447
317	129
6	41
495	229
149	236
382	352
335	466
154	272
379	418
240	108
336	207
254	18
43	162
2	274
398	482
368	163
301	352
447	233
248	293
88	325
417	17
460	310
122	278
108	380
254	233
292	493
203	445
189	480
290	63
465	363
405	380
104	383
304	46
360	205
59	76
318	319
406	287
341	376
340	282
175	453
398	152
116	233
381	465
375	312
419	305
376	483
472	322
92	481
165	203
204	196
325	383
436	412
270	452
32	75
184	218
6	284
25	164
332	500
73	422
134	226
391	53
70	98
255	377
10	20
246	369
13	12
199	450
441	346
139	125
5	183
185	81
98	406
490	397
55	35
408	104
51	278
150	21
142	132
445	353
82	224
437	84
455	378
346	325
388	2
72	404
325	329
129	331
299	434
428	443
404	158
427	380
347	376
393	112
310	436
492	397
342	404
5	90
46	391
483	63
388	490
252	97
484	306
343	405
438	73
481	133
309	337
361	163
215	458
243	305
319	69
357	369
326	428
253	284
163	259
70	400
68	190
74	352
283	486
153	191
347	322
67	322
28	66
26	363
454	365
179	6
264	71
344	420
231	119
237	107
67	254
29	316
14	63
132	424
495	487
362	120
182	236
327	202
481	484
466	351
152	168
416	498
345	432
367	93
438	138
85	461
50	382
104	375
304	499
405	43
302	354
43	422
345	242
258	369
467	382
245	395
44	409
288	252
280	309
253	116
49	254
50	148
6	429
140	151
245	393
405	37
306	98
14	240
34	86
305	419
346	350
3	274
424	55
262	342
33	349
64	222
235	396
361	124
65	264
254	316
210	237
161	408
239	329
56	49
34	165
98	287
33	79
479	55
370	375
332	412
400	152
90	420
424	439
326	66
467	289
261	340
159	476
69	412
136	107
241	206
327	203
253	1
352	77
167	497
490	69
259	434
438	494
38	169
383	379
383	48
125	369
481	283
2	388
211	53
473	235
223	340
40	408
297	158
247	94
311	237
166	226
423	410
251	189
333	280
458	314
95	50
31	202
186	228
38	185
288	23
162	176
298	57
290	493
493	174
138	425
212	68
21	419
103	59
171	315
172	292
191	169
389	233
465	81
160	329
432	119
497	411
11	230
333	32
365	177
301	412
289	209
234	65
145	153
244	462
377	239
475	164
107	342
333	117
281	20
72	420
5	389
225	57
196	235
120	394
21	329
248	291
212	139
306	444
72	20
271	346
226	352
342	387
89	402
55	458
474	113
135	476
236	487
269	180
481	499
205	116
378	388
292	193
166	463
228	72
153	112
283	373
280	463
188	259
291	287
148	17
486	268
276	454
146	148
468	458
218	110
269	174
63	464
191	237
446	64
224	228
177	353
166	116
209	416
33	24
293	92
272	255
143	317
202	473
147	415
409	207
227	23
35	43
229	105
484	477
383	197
27	224
447	218
417	237
102	12
147	439
368	381
173	469
336	392
463	487
413	250
163	152
302	220
218	251
497	391
158	2
288	215
311	196
144	479
150	21
234	299
221	297
257	117
100	86
431	135
455	391
266	465
263	273
14	142
161	243
122	422
114	443
497	463
250	454
406	466
291	292
365	389
441	345
118	91
89	221
22	488
300	335
308	427
389	464
470	460
491	367
493	375
226	278
412	177
62	291
422	146
236	2
349	155
227	211
277	308
82	198
43	272
155	55
431	54
372	351
93	448
499	322
115	8
154	353
127	119
265	123
294	118
21	88
228	143
34	47
404	388
125	326
22	255
119	496
270	311
70	344
76	423
182	496
459	177
175	450
408	421
288	31
408	16
242	350
97	386
411	453
252	470
173	200
30	89
156	200
495	79
90	359
21	389
19	272
260	368
226	90
242	348
270	8
452	276
462	68
262	397
7	500
229	353
321	497
150	122
106	112
248	324
79	179
262	241
87	29
290	292
470	79
130	319
453	286
439	347
430	273
217	145
215	321
5	74
340	219
476	291
488	130
120	66
247	481
118	400
326	23
222	437
198	261
82	81
263	203
384	408
238	59
9	13
291	355
126	403
204	98
173	269
165	353
215	235
30	222
232	190
313	450
8	253
401	360
83	481
206	232
383	44
451	54
345	183
173	441
322	436
292	93
285	389
285	234
494	300
464	317
28	151
327	294
189	169
343	315
209	71
30	110
479	40
105	133
161	128
350	141
223	418
358	283
457	302
403	168
367	137
114	244
111	139
432	111
351	33
401	138
488	118
50	140
99	452
356	167
46	132
270	411
400	332
51	311
198	391
216	123
227	309
407	71
372	57
97	263
250	70
417	171
456	35
244	320
498	470
485	445
167	398
149	81
224	393
268	375
75	317
5	320
248	235
466	2
208	69
363	72
1	296
131	184
467	11
93	246
328	341
197	281
349	400
260	467
217	122
40	349
496	327
395	41
33	164
422	493
447	218
446	310
79	212
459	467
324	37
464	303
105	490
306	99
289	123
35	108
124	115
24	422
235	92
122	68
42	450
149	371
54	408
441	58
499	64
464	478
118	281
7	481
185	414
431	28
379	306
381	65
335	36
259	451
198	477
463	286
430	24
416	219
431	423
194	497
460	236
21	252
222	451
34	65
294	92
7	178
404	374
471	356
251	452
448	478
457	498
137	202
37	324
98	398
399	491
476	259
123	297
262	89
48	495
411	285
446	96
265	308
114	465
316	307
355	170
328	353
466	331
442	269
30	208
232	429
365	412
169	328
368	292
330	299
29	8
318	474
493	448
299	28
385	234
103	336
314	169
346	90
495	44
274	406
396	351
263	154
312	25
16	378
495	184
170	475
479	206
37	267
397	109
83	410
100	164
12	461
272	450
412	325
413	157
49	364
420	138
483	97
318	162
297	115
216	251
48	91
55	69
323	316
466	235
186	428
65	108
224	446
154	356
446	402
218	178
27	63
472	119
63	46
58	227
45	415
16	320
413	88
207	329
178	15
84	182
467	43
240	464
359	378
408	478
22	325
229	237
112	96
308	108
403	250
411	260
51	307
315	443
427	417
286	115
467	239
50	269
435	99
449	341
365	350
495	240
114	165
181	134
327	222
339	401
489	227
101	481
215	168
376	331
375	64
249	440
343	281
458	414
146	99
61	148
487	147
172	187
497	262
415	370
77	5
406	386
357	239
109	125
116	466
474	70
480	415
104	115
322	413
410	45
467	211
151	285
129	360
406	227
308	330
323	131
256	254
160	111
155	159
50	265
448	297
87	309
413	166
265	350
453	117
27	73
337	426
319	44
126	271
201	34
136	345
204	180
460	46
129	66
273	310
322	326
224	387
356	222
484	236
484	338
382	413
2	270
220	464
5	182
389	309
364	482
258	338
183	138
166	441
386	209
496	186
426	366
120	288
146	458
395	364
216	211
100	465
142	364
253	432
436	305
217	416
273	349
179	449
414	293
493	160
257	132
433	259
380	157
15	286
111	181
226	209
26	215
261	306
103	419
468	340
317	260
418	71
78	151
363	405
371	198
474	89
139	455
156	44
79	224
251	182
39	396
207	490
233	19
157	371
274	44
248	164
187	166
42	94
302	148
38	50
289	445
111	248
393	203
51	125
444	33
125	321
422	161
33	429
477	259
204	213
42	487
172	208
134	108
28	11
245	67
24	176
64	348
222	117
386	68
192	305
208	373
243	184
351	263
249	347
64	241
474	277
375	284
333	65
170	358
82	181
144	150
224	101
207	307
436	337
388	323
198	60
356	171
419	66
246	366
58	27
97	283
112	423
341	166
201	330
326	237
25	462
87	117
228	185
363	426
240	92
223	327
289	55
225	116
52	95
394	39
157	448
416	137
214	312
26	182
352	184
462	478
238	229
30	83
1	500
388	403
408	160
385	264
282	6
24	41
83	219
132	395
28	480
277	359
274	482
470	191
76	62
283	271
261	105
241	414
428	258
162	482
41	482
13	94
421	488
380	305
51	103
184	304
19	198
405	318
172	177
413	168
261	287
488	49
460	68
43	246
447	331
267	137
222	461
154	494
340	454
384	207
271	248
141	385
255	381
424	72
460	81
308	31
104	23
148	33
7	417
15	31
418	32
421	394
4	39
44	167
443	143
474	257
39	74
27	32
473	112
497	294
368	187
65	125
97	443
499	134
108	213
256	213
194	83
358	181
15	406
312	398
297	278
235	250
299	114
21	295
285	425
24	101
144	173
108	71
319	3
23	216
456	407
223	182
412	248
18	372
454	479
190	144
284	285
113	109
473	63
185	34
366	133
450	293
86	265
24	482
262	13
88	469
322	404
51	51
284	213
142	309
283	486
44	221
388	269
348	205
364	406
110	458
25	153
235	494
34	309
245	307
268	29
177	316
452	306
297	396
77	382
375	252
148	332
438	351
422	365
308	491
201	475
125	284
237	257
298	317
168	162
464	238
418	33
231	192
452	199
310	160
183	435
204	362
81	52
359	221
418	152
427	166
472	242
149	24
326	112
118	199
132	282
475	416
70	244
374	308
185	301
188	444
151	67
40	237
457	101
202	394
44	38
63	161
323	153
452	35
378	477
55	415
258	235
441	209
430	329
477	439
9	288
224	490
98	311
80	215
134	412
180	434
372	97
335	431
171	330
463	444
229	249
404	300
369	243
439	60
86	252
128	17
237	494
70	93
170	252
371	181
249	63
277	268
14	144
48	418
419	485
202	445
398	259
71	222
71	67
94	397
331	482
396	484
475	169
7	205
108	366
383	373
164	377
148	476
117	166
71	61
233	225
6	22
3	2
340	4
379	335
334	202
118	106
284	132
245	420
79	444
332	494
467	47
291	332
174	410
215	35
497	270
148	91
422	177
153	320
7	218
339	103
16	462
255	372
106	379
210	237
73	337
60	158
81	169
73	240
102	4
214	209
286	188
122	331
454	402
446	152
92	374
371	200
182	376
215	490
160	452
338	470
26	467
380	405
64	226
409	420
273	129
396	494
368	90
147	119
446	434
59	476
293	179
485	130
10	299
480	105
405	128
81	271
48	455
420	499
413	396
235	19
315	349
445	62
98	239
215	463
306	215
60	322
195	112
101	412
207	222
226	63
319	155
270	273
35	342
465	125
305	95
464	97
273	159
394	466
274	6
161	345
283	249
240	192
405	466
346	400
192	450
284	24
232	170
467	269
9	120
231	2
254	60
187	344
269	212
394	1
89	364
405	20
7	195
385	225
179	420
472	90
57	482
118	364
197	3
171	249
339	198
290	161
23	308
261	16
227	219
421	363
28	193
256	392
451	10
307	170
59	59
261	323
229	169
321	52
56	397
9	491
294	46
346	288
289	262
56	372
475	451
25	9
4	83
318	498
232	170
29	473
203	257
117	379
296	5
125	386
61	368
227	199
190	272
53	72
398	86
131	443
202	377
277	309
436	421
432	250
388	397
12	104
59	155
176	302
225	60
8	489
481	17
361	26
289	284
245	363
193	390
397	26
378	214
377	258
190	414
186	467
420	52
401	171
78	476
448	49
231	185
391	82
494	466
422	23
58	312
42	358
59	261
464	203
497	18
65	329
34	22
181	142
283	141
74	101
198	80
482	490
19	8
106	499
493	206
254	106
494	494
63	335
149	357
262	403
471	496
124	58
294	31
379	3
140	96
487	277
360	29
20	359
434	303
190	145
191	289
7	73
456	356
144	353
324	163
353	77
182	270
366	345
411	373
96	248
75	239
243	201
113	347
237	14
74	397
261	44
438	101
232	151
278	286
259	277
349	298
430	262
149	126
311	67
461	199
106	36
70	32
272	175
283	484
473	445
120	319
149	61
333	197
26	257
499	372
436	349
302	131
107	402
150	166
162	417
44	386
111	401
449	239
253	403
257	174
370	343
119	395
459	462
358	351
202	491
381	48
436	136
305	120
416	97
386	192
292	387
196	245
165	125
85	27
313	303
98	152
294	40
254	66
215	36
346	210
113	351
271	450
240	65
68	480
455	419
216	132
236	98
100	53
74	174
378	395
19	438
368	323
43	76
251	159
164	162
184	364
474	453
230	424
188	267
320	416
180	319
116	49
230	19
77	258
101	220
342	246
306	122
473	364
141	341
162	266
456	7
105	435
472	265
392	448
373	313
79	82
26	162
489	406
36	373
349	369
322	197
244	70
236	367
419	69
99	287
120	252
290	245
362	360
473	466
219	20
247	469
466	448
87	270
421	108
106	49
92	171
137	189
50	408
450	188
158	85
85	497
286	250
103	77
137	271
5	133
206	67
236	371
214	473
430	398
410	426
232	246
132	255
73	482
324	34
66	178
42	41
335	92
170	95
32	366
175	118
429	29
184	472
339	371
7	289
364	394
183	164
395	23
84	1
41	22
281	193
132	254
36	198
319	399
223	226
429	441
337	215
182	392
345	249
30	228
26	413
34	266
5	64
429	230
169	458
170	24
495	280
92	89
12	152
214	307
105	468
136	173
373	469
345	211
72	102
140	183
27	373
309	86
445	8
132	399
201	428
105	247
335	127
100	181
327	165
141	43
28	211
302	471
391	412
357	420
284	465
406	98
78	150
107	275
193	246
125	228
442	400
361	378
374	116
132	431
270	462
95	200
306	101
234	264
170	375
286	275
447	102
30	127
196	10
210	402
328	341
304	261
274	154
372	354
313	43
428	423
463	276
439	82
75	4
59	32
254	115
16	198
422	113
260	383
435	7
343	499
395	16
485	207
189	465
428	415
332	257
82	55
60	126
231	451
174	370
269	470
26	43
86	336
224	173
376	452
152	248
37	402
327	279
120	215
293	365
206	376
261	1
124	135
133	460
23	499
495	151
3	165
231	374
261	275
281	348
338	155
278	10
84	389
114	473
438	264
60	243
205	102
123	214
84	220
384	63
449	74
385	216
196	171
21	103
156	457
430	266
488	136
424	451
352	19
478	431
397	465
365	301
197	118
119	299
493	185
310	161
101	219
388	233
291	18
193	122
374	80
333	194
329	418
7	260
133	318
225	71
305	221
218	141
103	243
257	336
399	367
157	463
279	182
500	166
469	13
171	345
48	282
233	81
184	47
78	391
285	301
393	36
359	268
155	487
358	464
262	471
317	130
302	2
454	368
20	392
130	67
290	68
316	320
397	347
17	15
358	430
241	140
122	166
373	486
55	54
177	108
153	68
258	54
340	477
37	43
187	18
481	355
495	220
464	338
60	407
256	35
129	262
51	404
158	313
61	279
131	244
10	277
119	202
258	285
133	312
96	288
352	448
303	260
240	87
336	305
451	411
25	166
470	461
278	264
148	369
328	76
314	124
3	66
74	459
249	122
478	151
306	269
36	17
166	346
468	35
433	32
34	349
201	117
28	497
88	235
170	156
273	171
411	326
47	59
447	39
414	49
59	454
422	429
329	211
31	132
40	44
456	210
219	69
320	393
458	305
445	28
99	454
327	379
268	161
500	12
195	249
229	447
131	36
439	117
379	234
265	229
268	102
85	396
87	276
42	442
304	217
236	226
318	49
253	177
220	380
132	62
133	473
476	161
282	357
95	129
255	239
96	142
402	55
154	454
430	332
375	179
418	428
465	428
339	101
330	259
483	410
411	331
286	378
56	181
164	440
216	242
165	236
155	114
171	221
351	50
187	224
482	115
319	358
357	488
18	387
1	390
477	105
427	399
111	385
126	480
232	176
242	34
208	381
297	353
360	248
172	105
266	157
482	335
112	368
392	126
432	171
14	264
153	312
82	245
260	461
302	113
282	367
218	37
93	423
179	247
299	15
103	227
305	195
488	341
228	109
361	380
454	151
233	295
368	18
85	311
424	29
466	234
409	238
339	272
225	228
193	500
5	273
104	143
423	274
258	77
170	224
68	284
178	151
196	361
257	253
7	50
287	137
91	315
44	112
96	330
388	162
222	492
207	364
498	65
130	364
180	127
306	287
484	285
492	342
394	422
176	481
56	447
454	240
329	81
422	383
160	8
99	349
173	114
169	260
145	202
249	362
263	43
10	485
325	336
246	65
175	150
421	136
201	404
292	278
86	246
291	215
11	256
496	468
183	163
408	326
362	309
389	500
49	290
489	366
313	332
281	138
10	173
79	239
406	477
214	241
267	405
277	395
315	131
275	6
179	221
8	168
181	284
333	73
233	425
89	352
250	191
220	450
412	259
244	200
246	354
305	469
225	87
7	294
184	213
134	27
150	69
355	249
478	492
279	365
492	113
183	316
163	488
496	236
51	55
482	52
265	40
127	146
20	5
263	373
159	382
459	71
79	68
439	153
476	369
146	244
272	4
328	296
29	32
66	487
481	449
415	406
217	377
347	127
290	266
305	109
491	264
421	220
456	28
393	79
443	310
299	435
383	310
55	47
393	28
470	306
81	400
99	197
291	196
466	259
254	386
255	76
148	192
208	303
140	317
299	10
450	124
495	324
446	116
273	96
108	453
158	447
172	382
91	51
323	125
314	64
196	393
86	428
405	356
63	251
153	466
240	286
484	194
19	387
173	448
322	212
395	481
248	296
319	46
277	59
140	89
110	330
477	433
74	319
101	429
306	309
32	346
154	178
327	194
317	117
474	420
483	317
103	165
338	448
491	344
220	320
26	436
443	395
137	71
136	41
28	500
227	269
307	194
199	493
335	199
202	375
337	244
7	109
309	465
201	471
310	482
221	448
57	12
376	332
88	236
449	121
71	460
183	8
462	26
399	74
35	463
433	247
45	130
118	127
467	257
272	166
251	423
47	149
33	20
420	97
240	81
248	338
36	414
132	274
84	188
411	446
43	211
282	389
11	357
159	70
327	229
496	445
157	376
394	349
495	281
288	117
74	377
500	347
276	47
205	319
370	22
359	312
333	332
122	274
186	113
479	7
441	438
260	86
308	128
30	347
391	448
432	213
428	498
286	267
436	109
448	312
237	124
405	21
401	119
162	269
96	21
289	67
24	415
237	144
86	49
434	178
157	446
200	310
134	189
436	149
389	433
114	439
243	324
290	223
232	489
362	317
304	368
153	209
194	410
318	8
139	391
400	342
159	39
252	199
114	396
322	419
499	286
196	281
241	132
96	425
400	162
86	307
305	256
321	186
271	19
241	292
121	438
423	32
450	421
102	97
62	172
153	73
433	369
418	187
21	68
339	151
186	414
378	19
180	174
444	389
219	320
451	239
466	211
479	259
18	463
314	372
326	10
9	48
251	167
462	236
35	480
273	303
450	447
382	308
427	79
13	255
189	81
236	288
421	178
65	391
87	134
100	403
198	53
220	486
494	123
380	275
366	86
199	103
112	322
5	12
253	115
387	251
6	482
131	7
219	461
369	233
481	36
425	248
87	336
309	108
115	35
293	278
112	453
65	154
334	88
124	482
284	476
489	203
404	229
280	102
425	299
225	405
309	267
465	348
228	284
413	469
239	500
405	244
424	408
44	88
405	356
98	379
150	440
137	340
432	30
268	233
328	269
383	152
135	162
285	438
116	495
399	242
323	399
189	13
109	379
368	208
432	91
446	424
347	366
31	468
243	13
67	37
72	285
476	26
271	494
452	54
64	25
448	68
29	89
325	129
343	24
34	376
158	48
303	244
339	31
447	376
62	319
324	55
138	324
380	3
258	298
344	128
84	272
238	412
376	107
108	152
314	448
413	76
442	478
499	17
47	438
57	313
175	455
143	46
377	498
495	381
210	386
339	387
244	10
207	454
478	156
497	59
46	399
257	240
449	23
404	347
247	68
130	299
309	255
385	241
245	91
57	59
495	433
165	196
154	355
314	378
191	461
386	310
4	491
402	363
231	90
50	112
268	355
12	325
327	199
275	94
10	450
60	274
367	320
1	361
201	4
303	347
221	79
67	301
377	143
74	445
328	144
189	429
451	119
475	207
299	252
331	473
283	135
218	221
171	40
75	189
178	168
491	316
78	332
269	480
112	181
170	390
84	281
271	199
473	428
4	82
207	263
211	220
288	130
3	154
282	309
3	338
3	352
314	231
159	154
33	33
275	161
492	284
450	303
104	21
449	396
55	480
184	343
320	497
378	468
39	52
20	25
450	128
156	54
289	325
352	65
369	79
292	306
345	231
98	140
295	237
466	465
319	487
330	126
16	202
160	14
29	401
319	171
492	236
378	91
434	418
227	62
111	431
71	372
24	84
352	335
332	392
399	79
156	313
92	117
437	270
438	500
180	321
81	34
429	9
298	465
316	149
83	370
328	168
42	173
497	314
155	14
468	198
143	446
72	382
159	215
382	491
219	473
418	262
441	480
106	17
174	470
326	169
295	29
405	476
500	156
305	398
138	127
152	70
379	156
93	61
467	275
33	225
430	24
49	190
484	84
271	465
312	241
386	206
199	246
274	216
359	234
214	309
410	44
437	397
177	255
459	432
304	53
67	485
29	258
140	207
403	8
294	238
474	105
202	481
316	106
495	415
257	488
340	199
43	352
159	331
60	455
273	266
180	108
161	346
100	375
197	202
478	328
351	367
182	84
81	129
26	449
117	357
99	425
402	131
287	150
295	4
275	359
134	231
263	394
116	472
162	303
129	176
170	313
50	200
247	155
426	157
318	7
327	89
261	52
211	457
169	188
48	432
32	444
353	382
152	11
12	109
233	280
420	216
123	377
110	331
207	237
302	69
35	112
465	358
386	101
88	22
335	251
85	377
381	128
405	136
212	261
209	81
13	188
60	377
82	382
105	140
291	378
23	246
202	353
227	210
187	92
193	361
421	283
172	240
84	327
94	172
354	427
335	206
170	226
11	375
288	281
25	52
63	169
113	364
488	384
475	130
14	45
239	25
301	392
117	91
383	290
33	121
492	214
95	467
184	345
497	392
475	118
313	86
141	401
418	86
486	444
148	365
283	216
466	356
311	496
465	386
240	375
370	89
167	283
229	277
253	56
309	190
23	411
97	485
84	111
352	259
411	396
484	409
276	487
441	31
400	51
22	240
293	2
490	243
265	246
464	207
293	197
490	214
170	34
372	224
83	46
168	281
403	477
239	64
129	485
88	461
461	307
184	180
93	314
399	29
7	160
114	107
166	282
54	233
199	181
3	130
311	24
102	450
203	304
303	301
169	419
302	413
424	26
123	267
90	417
487	273
495	149
391	110
416	464
494	473
162	176
87	29
435	128
29	137
29	475
377	204
55	386
67	429
103	414
299	227
301	35
148	408
360	64
232	114
394	220
274	193
357	210
498	77
339	160
202	277
58	241
249	406
427	394
102	152
318	143
128	270
381	475
387	365
331	29
394	125
451	177
450	14
410	261
324	412
451	309
488	18
486	134
47	190
111	2
22	447
174	36
304	95
274	475
466	192
360	230
460	325
322	38
260	192
61	334
348	458
92	266
359	437
192	255
79	419
450	62
106	279
123	467
11	10
9	147
74	146
321	190
339	311
313	84
294	296
196	213
352	15
317	474
2	53
461	404
316	284
449	42
40	57
112	396
43	90
422	414
197	286
17	328
270	220
130	438
328	169
114	321
113	500
293	353
252	305
356	18
122	99
319	336
55	33
403	491
9	146
329	127
1	339
405	238
497	450
306	288
99	288
70	325
208	279
245	159
113	351
322	205
221	395
237	261
264	357
313	265
44	314
94	363
90	397
29	373
269	4
149	44
213	95
125	7
29	358
475	131
133	155
170	293
21	34
160	9
123	76
462	149
124	394
216	17
497	100
332	465
280	109
496	77
192	41
138	292
478	455
38	220
126	199
419	207
266	171
372	114
350	161
66	147
197	432
79	89
180	315
463	100
475	34
22	265
75	238
325	477
247	320
441	192
73	434
380	70
67	258
172	487
491	495
422	405
465	32
98	67
476	453
251	137
161	174
407	47
26	370
27	499
25	411
77	489
64	104
49	28
145	75
156	396
222	44
187	443
198	198
406	235
464	214
365	410
47	252
407	150
258	35
282	357
378	449
291	108
405	490
193	89
32	202
310	62
110	152
260	88
430	293
358	427
190	129
266	419
374	474
121	299
60	172
368	80
285	300
228	155
114	11
374	408
154	154
296	163
108	95
334	474
432	248
449	432
493	48
106	290
418	135
258	491
288	128
77	470
342	64
470	258
6	338
406	258
331	98
301	151
356	486
312	21
57	173
101	262
207	322
362	328
343	126
431	52
209	78
4	53
264	465
216	122
110	130
450	400
239	395
311	68
295	217
271	370
243	35
99	23
359	291
74	23
223	85
50	130
44	494
56	495
451	75
331	174
450	230
375	53
484	281
242	70
20	213
138	67
469	491
150	189
54	268
482	471
250	86
188	58
198	18
138	226
379	413
228	156
117	289
241	268
376	321
461	310
5	427
369	275
25	115
303	130
272	1
190	484
322	72
474	496
6	471
128	28
289	467
307	285
460	160
207	478
324	314
271	283
54	57
125	354
317	55
313	88
474	86
183	441
20	22
18	367
268	85
189	190
479	483
253	107
303	325
466	406
24	488
84	255
313	238
466	2
418	319
474	201
128	380
226	54
131	489
484	409
486	207
218	260
209	351
5	408
441	275
180	191
87	417
115	303
298	286
75	375
236	76
263	217
170	480
448	171
245	117
397	240
482	242
27	162
268	307
33	87
31	96
387	249
291	315
72	97
57	140
198	86
461	111
165	251
356	170
423	59
219	287
59	147
482	431
70	233
491	269
391	104
267	388
327	133
277	366
86	429
354	470
361	454
425	253
247	132
132	462
136	7
456	436
8	293
223	358
96	453
423	30
452	178
323	469
422	405
175	4
486	262
234	69
261	151
499	286
320	222
3	199
115	466
43	197
77	45
476	248
336	322
212	489
158	226
112	260
312	412
231	231
115	327
344	193
285	355
185	45
282	367
195	304
98	466
245	340
295	173
106	36
162	58
125	22
40	489
120	299
472	230
48	211
116	104
190	14
385	403
385	263
231	357
329	419
135	444
138	394
260	133
212	437
404	27
292	425
431	81
414	63
332	433
235	275
206	16
157	387
266	225
86	35
369	353
363	435
122	429
85	356
234	136
300	49
235	164
83	201
209	474
244	383
198	114
144	29
403	328
485	303
181	121
69	225
137	41
23	163
263	227
83	315
357	487
240	381
39	446
144	139
393	317
393	301
439	62
75	161
119	266
166	282
354	53
69	428
194	251
181	227
393	22
213	445
374	451
11	80
245	138
55	64
338	116
202	170
27	186
471	275
5	72
403	67
114	314
208	470
322	22
65	1
284	215
443	204
397	148
420	102
382	163
464	194
273	137
421	222
421	328
432	435
320	460
195	108
186	94
108	51
29	124
474	407
360	87
258	371
385	129
364	215
262	379
362	317
496	43
473	99
323	254
463	479
338	276
353	319
479	256
311	120
74	463
40	236
299	400
81	265
128	469
95	224
326	98
278	280
159	451
408	349
61	185
52	147
272	474
363	418
163	235
224	185
178	206
49	205
425	434
270	483
143	353
301	173
94	211
102	414
178	414
359	84
149	365
67	336
450	341
198	428
493	425
229	237
272	220
293	116
276	390
63	395
161	187
277	315
176	370
380	140
129	117
376	103
246	44
211	69
474	400
102	189
167	410
113	435
394	424
308	232
417	158
211	487
39	117
201	171
410	5
370	395
397	170
220	406
282	119
262	373
468	198
399	169
244	380
320	52
246	16
175	238
58	407
88	431
300	179
214	162
406	381
292	2
426	159
211	439
120	423
412	467
471	81
359	115
289	95
241	404
27	437
440	107
371	7
348	141
84	32
15	249
342	417
345	208
